119.00 85.00
120.80 85.00
122.60 85.00
123.60 85.00
124.60 85.00
126.40 85.00
128.20 85.00
129.20 85.00
130.20 85.00
131.00 85.00
132.60 84.80
134.40 84.80
134.80 84.80
136.00 85.00
136.60 85.20
138.20 85.80
139.40 86.60
140.60 87.60
142.00 88.80
143.00 90.20
143.40 91.00
144.00 92.20
144.40 93.60
145.00 95.00
146.00 96.40
147.00 98.00
148.00 99.40
149.00 101.00
149.00 102.60
149.00 104.20
149.00 105.80
149.00 107.40
149.00 109.00
148.40 110.00
148.00 111.00
147.00 112.20
146.00 113.60
145.00 115.00
144.00 116.00
142.40 116.60
140.80 117.20
139.20 117.80
137.60 118.40
136.00 119.00
134.20 119.20
132.60 119.60
131.00 120.00
130.00 120.00
129.00 120.00
127.20 120.00
125.40 120.00
123.60 120.00
121.80 120.00
120.00 120.00
118.60 119.60
117.20 119.20
116.00 119.00
115.00 118.40
114.00 118.00
112.80 116.60
111.80 115.40
110.80 114.00
109.80 112.80
109.20 111.60
108.80 110.60
108.40 109.60
108.20 108.60
107.80 106.80
107.60 105.80
107.40 104.80
107.00 103.00
107.00 101.40
107.00 100.00
107.40 98.40
108.00 97.00
109.00 95.40
110.00 94.00
111.00 92.60
112.00 91.20
113.00 90.00
114.00 89.00
115.00 88.00
116.00 87.00
117.40 86.00
