112.00 67.00
112.00 65.20
112.00 63.40
112.00 61.60
112.00 59.80
112.00 58.00
112.00 56.20
112.00 54.40
112.00 52.60
112.00 51.00
112.20 49.20
112.40 47.40
112.60 45.60
113.00 44.00
114.00 42.40
115.00 41.00
116.20 40.20
117.60 39.60
119.00 39.00
120.20 39.00
121.60 39.00
123.00 39.00
124.60 39.20
126.20 39.60
128.00 40.00
129.40 40.40
131.00 41.00
132.00 41.40
133.00 42.00
134.40 43.00
136.00 44.00
137.00 45.40
138.00 47.00
139.00 48.40
140.00 50.00
140.80 51.60
141.80 53.40
142.80 55.00
143.80 56.80
144.60 58.40
145.60 60.20
146.60 62.00
147.60 63.60
148.40 65.40
149.40 67.00
150.40 68.80
151.40 70.40
152.20 72.20
153.20 74.00
154.20 75.60
155.20 77.40
156.00 79.00
157.00 80.80
158.00 82.40
159.00 84.20
160.00 86.00
160.00 87.80
160.00 89.60
160.00 91.40
160.00 93.40
160.00 95.20
160.00 97.00
160.00 99.00
159.60 100.20
159.20 101.60
159.00 103.00
158.40 104.40
158.00 106.00
156.60 107.20
155.20 108.60
154.00 110.00
153.00 110.40
152.00 111.00
150.20 111.20
148.40 111.40
146.60 111.60
145.00 112.00
144.00 112.00
142.00 111.80
140.20 111.60
138.40 111.40
136.60 111.20
134.60 111.20
132.80 111.00
131.00 110.80
129.20 110.60
127.20 110.60
125.40 110.40
123.60 110.20
121.80 110.00
120.00 110.00
119.00 108.40
118.00 107.00
117.40 106.00
117.00 105.00
116.60 103.00
116.40 101.00
116.00 99.20
115.80 97.20
115.40 95.20
115.20 93.40
115.00 91.40
114.60 89.40
114.40 87.60
114.00 85.60
113.80 83.60
113.40 81.80
113.20 79.80
113.00 78.00
112.80 76.00
112.60 74.20
112.40 72.40
112.20 70.60
112.00 68.80
