108.00 94.00
108.00 92.20
108.00 90.60
108.00 89.00
108.40 88.00
109.00 87.00
110.00 85.40
111.00 84.00
112.00 83.00
113.00 82.00
114.00 81.00
115.40 80.40
117.00 80.00
118.60 80.00
120.40 80.00
122.20 80.00
124.00 80.00
125.40 80.60
127.00 81.40
128.40 82.20
130.00 83.00
131.00 84.00
132.00 85.00
133.00 86.00
133.60 87.60
134.20 89.20
135.00 91.00
135.20 92.60
135.60 94.20
136.00 96.00
136.00 97.00
135.60 98.40
135.40 100.00
135.20 101.40
135.00 103.00
134.00 104.60
133.00 106.20
132.00 108.00
130.60 108.20
129.20 108.60
128.00 109.00
126.20 109.00
124.40 109.00
122.60 109.00
121.00 109.00
120.00 108.40
119.00 108.00
117.20 107.00
115.60 106.00
114.00 105.00
113.00 103.60
112.00 102.40
111.00 101.20
110.00 100.00
109.40 98.40
109.00 97.00
108.40 95.40
