107.00 91.00
107.00 89.00
107.00 87.20
107.00 85.40
107.00 83.40
107.00 81.60
107.00 79.80
107.00 78.00
107.00 76.20
107.20 74.60
107.40 73.00
107.60 71.20
107.80 69.60
108.00 68.00
108.20 66.40
108.40 64.80
108.60 63.20
108.80 61.60
109.00 60.00
109.20 58.20
109.60 56.60
110.00 55.00
110.20 53.20
110.60 51.60
111.00 50.00
112.00 48.40
113.00 47.00
114.00 46.00
115.00 45.00
116.40 45.00
118.00 45.00
119.00 45.40
120.00 46.00
121.40 46.80
122.80 47.60
124.20 48.40
125.60 49.20
127.00 50.00
128.20 51.20
129.60 52.60
131.00 54.00
132.00 55.40
133.00 57.00
133.80 58.60
134.60 60.20
135.40 61.80
136.20 63.40
137.00 65.00
137.60 66.80
138.40 68.60
139.00 70.40
139.80 72.40
140.40 74.20
141.20 76.00
142.00 78.00
142.60 79.80
143.40 81.60
144.00 83.40
144.80 85.40
145.40 87.20
146.20 89.00
147.00 91.00
147.40 92.40
148.00 94.00
148.00 95.60
148.00 97.20
148.00 98.80
148.00 100.40
148.00 102.00
147.40 103.00
147.00 104.00
146.00 105.00
145.00 106.00
143.60 106.20
142.20 106.60
141.00 107.00
139.00 107.00
137.20 107.00
135.40 107.00
133.60 107.00
131.60 107.00
129.80 107.00
128.00 107.00
126.20 107.00
124.20 107.00
122.40 107.00
120.60 107.00
118.80 107.00
117.00 107.00
115.40 106.40
114.00 106.00
113.00 105.40
112.00 105.00
111.00 104.00
110.00 102.40
109.00 101.00
108.40 99.40
108.00 98.00
107.60 96.20
107.40 94.40
107.20 92.60
