102.00 102.00
101.20 100.60
100.60 99.20
100.00 98.00
100.00 96.40
100.00 95.00
100.00 93.40
100.00 92.00
100.20 90.20
100.60 88.60
101.00 87.00
102.00 85.60
103.00 84.40
104.00 83.20
105.00 82.00
106.40 81.00
108.00 80.00
109.00 79.40
110.00 79.00
111.60 79.00
113.20 79.00
114.80 79.00
116.40 79.00
118.00 79.00
119.40 79.40
121.00 80.00
122.00 80.40
123.00 81.00
124.20 82.20
125.40 83.40
126.60 84.60
127.80 85.80
129.00 87.00
129.60 88.20
130.20 89.60
131.00 91.00
131.00 92.60
131.00 94.20
131.00 96.00
131.00 97.60
131.00 99.20
131.00 101.00
130.20 102.40
129.40 104.00
128.60 105.40
128.00 107.00
127.00 108.00
125.20 109.00
123.60 110.00
122.00 111.00
120.20 111.00
118.60 111.00
117.00 111.00
115.20 111.00
113.60 111.00
112.00 111.00
110.60 110.00
109.20 109.00
108.00 108.00
106.80 106.80
105.60 105.60
104.40 104.40
103.20 103.20
