121.00 56.20
120.80 57.80
120.60 59.60
120.60 61.20
120.40 63.00
120.40 64.80
120.00 65.80
119.80 66.80
119.60 68.60
119.40 70.20
119.00 71.40
118.80 72.60
118.60 73.80
118.40 75.20
118.40 76.60
118.60 78.20
118.80 79.80
118.80 81.60
118.80 83.40
118.80 85.20
118.80 87.00
119.00 89.00
119.00 90.80
119.00 92.60
119.00 94.40
119.00 96.20
119.20 98.20
119.60 99.80
119.80 100.80
120.20 101.80
120.00 103.40
120.00 105.00
120.00 106.60
120.00 108.00
120.20 109.40
121.20 110.80
122.20 111.00
123.20 111.20
124.80 111.00
126.40 111.00
128.00 110.80
129.60 110.80
131.40 110.80
133.00 110.40
134.00 110.20
135.20 110.20
136.20 109.80
137.20 109.60
139.00 109.60
141.00 109.80
142.80 109.80
144.80 110.00
145.80 110.00
146.80 110.20
148.20 110.00
149.60 109.80
151.20 109.80
152.00 109.00
152.80 108.20
153.60 107.60
154.40 107.00
156.00 106.00
157.60 105.00
158.00 103.80
158.40 102.80
158.20 100.80
158.20 99.00
158.20 97.00
158.00 95.20
158.00 93.20
158.00 91.40
157.60 89.80
157.00 88.40
156.40 87.20
155.80 86.00
155.20 85.00
154.60 83.40
154.00 82.40
153.60 81.40
153.20 80.20
153.00 79.20
152.40 77.60
151.60 76.60
150.80 75.60
149.80 75.00
148.80 74.60
147.20 73.80
145.40 73.00
144.00 72.00
143.00 71.40
142.00 70.80
140.80 70.00
139.80 69.40
138.40 68.60
137.60 67.80
137.00 67.00
135.60 65.60
134.80 64.20
134.60 63.20
134.40 62.20
134.20 61.00
134.00 60.00
133.60 58.20
132.80 56.80
132.40 55.60
132.20 54.40
131.40 53.00
130.20 52.00
129.20 51.20
128.00 51.20
127.00 51.40
125.60 52.20
124.40 52.60
123.20 53.00
122.40 54.60
121.60 54.40
