114.80 104.80
114.20 103.20
113.60 101.80
113.00 100.40
112.60 99.00
112.60 97.20
112.60 95.40
112.60 93.60
112.80 92.00
113.20 90.00
113.60 88.20
114.00 86.20
114.60 84.40
114.80 82.80
115.00 81.20
115.20 79.60
115.60 78.20
115.60 76.80
115.60 75.40
115.80 74.00
116.00 72.20
116.40 70.60
116.60 69.00
117.00 67.40
117.40 65.60
117.80 63.80
118.20 62.00
118.40 60.40
118.60 58.80
118.80 57.20
119.20 55.80
120.40 55.00
121.60 54.20
123.20 54.80
125.00 55.40
126.80 56.00
128.40 56.60
130.00 57.20
131.80 58.00
132.80 59.40
133.80 61.00
134.80 62.40
135.80 64.00
136.40 65.60
137.00 67.20
137.60 68.80
138.40 70.60
139.00 72.20
139.60 73.80
140.20 75.40
140.80 77.00
141.40 78.60
141.40 80.40
141.40 82.40
141.40 84.40
141.80 85.60
142.20 87.00
142.60 88.40
143.80 89.20
145.20 90.20
146.00 91.40
146.80 92.80
147.60 94.20
148.40 95.60
147.80 97.20
147.20 98.80
146.80 100.60
145.60 101.60
144.40 102.80
143.20 104.00
142.00 105.20
140.20 105.20
138.40 105.40
136.80 105.60
135.00 105.60
133.20 105.80
131.60 106.00
129.80 106.00
128.00 106.00
126.20 106.00
124.40 106.00
122.60 106.00
121.00 106.40
119.60 106.80
118.20 107.20
116.80 106.20
115.80 105.40
