105.80 96.60
105.80 95.60
105.80 94.40
106.00 92.60
106.20 91.60
106.40 90.60
106.60 90.00
106.80 89.80
107.20 89.00
107.80 88.20
108.40 87.40
109.20 86.80
109.80 86.40
110.20 86.20
110.60 86.00
111.00 85.80
111.60 85.60
111.80 85.60
111.40 85.80
111.40 85.80
111.40 85.80
111.40 85.80
111.40 85.80
111.80 85.60
112.00 85.40
112.00 85.40
112.20 85.20
112.60 85.00
113.60 84.60
114.80 84.40
116.00 84.40
116.80 84.40
117.40 84.40
117.80 84.60
118.40 84.80
118.60 84.80
119.00 85.00
119.40 85.20
119.60 85.20
120.00 85.40
120.00 85.40
120.40 85.60
121.80 86.20
123.00 86.60
124.00 87.00
125.00 87.60
125.60 88.20
126.40 89.00
127.00 90.00
127.60 91.00
128.00 92.40
128.20 93.40
128.20 94.40
128.00 96.20
128.00 98.00
128.00 99.80
127.40 100.60
126.80 101.60
126.00 103.20
125.00 103.40
124.00 103.80
123.20 104.00
122.80 104.20
122.20 104.40
121.40 104.60
121.40 104.60
121.40 104.60
121.40 104.60
121.40 104.60
121.40 104.60
121.40 104.60
121.40 104.60
121.20 104.60
120.40 104.60
119.20 104.40
117.60 104.20
116.40 104.20
115.00 103.60
114.00 103.20
113.20 103.20
113.60 103.20
112.60 102.80
111.60 102.60
110.60 102.00
109.60 101.60
108.00 100.80
107.20 99.80
106.40 99.00
106.00 97.80
