123.20 105.80
123.20 105.80
124.00 105.60
124.00 105.60
125.20 105.00
125.60 104.80
125.60 104.80
125.80 104.80
126.60 103.80
127.20 103.00
128.00 101.40
128.00 99.80
128.00 98.80
128.00 97.80
128.00 96.00
127.80 94.20
126.60 93.00
126.00 92.40
125.00 91.40
124.40 90.80
123.80 90.20
123.60 90.00
122.20 89.20
122.20 89.20
121.60 89.00
121.20 88.80
119.60 88.80
118.40 88.80
116.60 89.00
116.00 89.20
115.40 89.40
115.00 89.60
115.00 89.60
114.80 89.80
114.60 90.00
113.60 90.60
112.60 91.80
112.00 92.80
111.20 93.60
110.80 94.60
110.60 95.80
110.40 96.80
110.40 97.80
110.60 99.00
110.80 100.20
111.60 101.20
112.60 102.20
114.00 103.40
115.00 103.60
116.00 103.80
117.40 104.60
118.40 105.00
119.60 105.40
120.80 105.80
122.20 105.80
123.00 105.80
123.20 105.80
123.20 105.80
