116.00 99.80
115.60 97.80
115.40 96.00
115.20 94.20
115.00 92.20
114.80 90.40
114.60 88.60
114.40 86.80
114.00 84.80
113.80 83.00
113.40 81.20
113.20 79.20
112.80 77.40
112.60 75.60
112.40 73.80
112.40 71.80
112.40 69.80
112.40 68.00
112.40 66.00
112.40 64.20
112.20 62.40
112.20 60.60
112.00 59.00
112.00 57.20
112.00 55.60
112.20 53.80
112.60 52.00
113.00 50.20
113.40 48.60
113.60 47.00
113.80 45.40
114.20 43.80
115.20 42.20
116.20 40.60
117.20 39.80
118.20 39.00
119.40 38.20
120.40 38.00
121.40 37.80
123.00 37.80
124.60 37.80
126.40 37.80
127.40 38.80
128.40 40.00
129.40 41.20
130.60 42.40
131.80 43.80
133.00 45.40
134.20 47.00
134.80 48.20
135.40 49.40
136.20 50.60
136.60 52.20
137.20 54.00
137.80 55.80
137.80 57.40
137.80 59.00
137.80 60.80
138.00 62.40
138.40 64.00
138.60 65.60
139.00 67.20
139.80 68.40
140.60 69.60
141.40 70.80
142.60 72.20
143.80 73.60
145.20 75.00
146.00 76.60
147.00 78.40
147.80 80.00
148.80 81.80
149.20 83.40
149.60 85.00
150.00 86.60
150.60 88.40
150.60 90.00
150.80 91.80
150.80 93.40
151.00 95.20
151.00 96.80
151.20 98.60
150.80 100.00
150.60 101.40
150.40 103.00
149.80 104.40
149.20 106.00
148.60 107.40
148.00 109.00
147.60 110.60
146.20 111.20
144.80 112.00
143.60 112.80
141.80 112.60
140.20 112.60
138.60 112.60
137.20 111.60
136.00 110.80
134.80 110.00
133.40 109.80
132.00 109.60
130.80 109.40
129.40 109.40
128.20 109.40
126.60 109.60
125.00 110.00
123.60 110.40
122.00 109.80
120.40 109.20
119.00 108.80
118.20 107.00
117.40 105.20
116.60 103.60
116.00 101.60
115.60 99.80
