106.40 112.40
106.60 112.40
105.80 110.80
105.00 109.20
104.20 107.60
103.20 106.00
102.40 104.40
101.60 102.80
100.80 101.40
100.80 99.80
100.80 98.40
100.80 96.80
100.80 95.40
101.80 94.00
103.00 92.60
104.20 91.40
105.60 90.40
107.20 89.40
108.80 88.40
110.40 87.60
111.80 86.60
113.40 85.60
115.00 84.60
116.60 83.80
118.40 83.20
120.20 82.60
121.20 82.40
122.20 82.20
124.00 82.60
125.80 83.00
127.60 83.40
128.60 83.60
129.60 83.80
131.20 84.20
132.00 84.80
133.00 85.80
134.20 86.80
135.00 88.00
136.00 89.20
137.00 90.60
137.60 91.60
138.20 93.20
139.00 95.00
139.60 96.80
140.40 98.60
140.60 99.80
141.00 101.00
140.80 102.80
140.80 104.60
140.80 106.40
140.80 108.20
140.80 109.20
140.80 110.20
139.60 111.40
138.40 112.60
137.00 113.80
135.60 114.60
133.80 115.00
132.80 115.20
131.80 115.40
130.20 115.60
128.60 115.80
126.80 115.80
125.20 116.00
123.60 116.20
121.80 116.20
120.00 116.20
118.40 116.20
116.60 116.20
114.80 116.20
113.00 116.20
111.80 115.80
110.40 115.20
109.00 114.60
108.20 114.00
107.00 112.80
